    n_base  learning_rate  alpha kernel_size augmentation  epochs      loss  \
16      64         0.0001    0.4      [3, 3]         None     700  0.131769   
15      64         0.0001    0.6      [3, 3]         None     700  0.197164   
6       32         0.0001    0.6      [3, 3]         None     700  0.229841   
5       32         0.0001    0.8      [3, 3]         None     700  0.317092   
7       32         0.0001    0.4      [3, 3]         None     700  0.162371   
    val_loss  dice_coef  val_dice_coef  precision  val_precision    recall  \
16  0.209682   0.805162       0.654791   0.953546       0.936545  0.953546   
15  0.269131   0.739774       0.637601   0.942663       0.930478  0.942663   
6   0.270891   0.692221       0.635036   0.937279       0.929765  0.937279   
5   0.335769   0.651637       0.620721   0.930788       0.922410  0.930788   
7   0.236693   0.747658       0.616998   0.944697       0.922116  0.944697   
    val_recall   jaccard  val_jaccard  
16    0.936545  0.911267     0.880820  
15    0.930478  0.891680     0.870212  
6     0.929765  0.882102     0.869073  
5     0.922410  0.870864     0.856485  
7     0.922116  0.895331     0.855859  